927444550
818093772
929369009
931345206
927577135
921228317
998380006
962963897
915137423
944601309
997275764
977102510
987665351
947612018
859025552
915000959
924358041
928241041
919062150
979994893
983877605
912116670
997290674
918040242
918542272
918029478
933693333
827216232
840921352
991036547
946237493
915492851
983984266
998327431
974442566
996340465
932224453
929360427
959208352
923083545
883342402
916111312
913688635
917525609
999529429
966616431
912092348
930878472
996662128
813827212
968044923
987574127
830038442
994837818
910357905
915327346
974525143
989384813
921153953
918145613
929369742
976872169
977557011
916375727
995080125
928117359
927494809
929118812
929310926
929110633
930688266
923049959
927378361
930715646
992273550
979612664
912902013
922078165
989132857
929361202
998635578
950233753
990682119
818145802
996646300
815359852
966075740
938121788
913155092
998672384
974535629
922375992
942635974
944060995
995302187
915299652
980615790
984630573
990336490
960821858
918814442
919426233
912752100
980875652
940271916
982335116
914458250
896709402
919510315
978680348
815548272
980667499
988083186
984896492
987807245
980394786
994911775
927486040
979910916
966109327
981324811
917877246
981447867
921632193
971589175
899534042
965220941
924317167
966299800
948095254
991151354
943839689
915696562
990311153
813519232
892814392
919938307
924327456
988913138
976097904
918353046
926681761
940940842
987838043
919829249
996514528
956606586
926038397
917548021
988640484
921349270
887813752
918831584
977193788
924332263
950307447
951050504
818670362
993479098
984874073
917487618
994705407
947766848
976545761
815566432
991386831
930463922
980376125
970983961
933250172
918087907
998510880
894638222
913023757
917413398
961070880
989483145
933852407
916722001
921005350
917692491
981111389
918490078
832684112
954231046
924520760
916591144
914526698
918512616
932865823
924560134
917379610
919666536
990050244
931778757
981440722
925769371
913327810
963494122
999641199
938536562
911749963
930887137
918837876
915388159
995855690
918316760
993587869
916780648
885049702
924697261
995618915
954501183
929023803
929619803
884279682
925305227
929449800
897396572
919213566
920271197
959167915
912261743
934283171
912511782
919687304
879970482
838525172
982779529
923307567
925947075
916339577
985483515
997939816
915609562
924869607
936482015
992905786
995640929
984049560
810359862
830614222
951413828
992306270
919034998
912782735
968552732
889948272
946171700
826788062
919732741
918928545
830617272
989038230
913284798
928846709
964405689
925821659
921389434
918089861
886377622
917568243
913364430
813185482
924570997
999257305
952671162
930014737
950090413
980775747
927975564
917804125
915215262
919552956
914985153
978655289
921045239
921203977
932257521
921077459
915738842
957451713
961173000
927208849
998488656
914280176
938248281
998266246
996726126
961057507
912437019
982561531
879845262
984993188
927190788
912771784
915281168
913206150
910116851
948017539
984993153
826342552
984993226
926342347
915254209
959002169
918707565
966242825
923887733
964096058
977314593
923311831
998584477
914256291
983666280
932580861
977386322
970898115
927578891
922035326
975933601
930259640
921462867
915637078
879639662
918303901
919638877
920755771
927763931
927431521
994714260
926980890
993098647
876607042
916702876
928139468
920157505
976023188
932058936
919003030
918702741
918686495
934419928
990120773
919366354
928605116
912616290
917710406
925511757
993732877
913433548
916881436
921151527
979479700
946065706
981343654
985422613
987817879
981694414
997842871
888064842
977249007
947782959
985527474
918326707
921644329
987047062
983032133
914746345
990818398
916795521
984505469
952335863
946031399
935614686
971130776
925597643
921360479
920736971
917921024
965308032
987183969
979437218
987009640
830858792
841074602
913180887
932613417
999603556
851482652
993781185
974394197
996783197
880995022
865866372
996252116
926673033
917863474
931581031
919419415
926610430
983072178
993528099
920319173
965583262
996316289
979923465
984014198
920229484
985758220
979607245
913907329
932131749
924562854
990666342
976779975
929064275
997881117
960678680
966043644
928992586
920208568
962983251
911114461
953915987
979476892
920321704
996430022
968023675
990337934
928336042
976540212
989284592
996288897
876333732
991853227
817301592
864301002
981129296
841914422
920024092
920424252
964476543
923696679
923789464
913856651
987658835
997874552
998657032
928602796
979943911
916543859
981474252
925503649
930182958
976547578
929274067
979501889
917198675
918762604
838282172
928570606
962949541
980383393
919639466
922712018
985737614
994277715
914579759
920937268
912639762
836634152
923887636
984016530
966550570
911756714
993057339
993438189
935444497
997379446
842684412
930675040
990397864
951435325
959116059
967149098
921494866
921629710
947619020
929670035
985094918
935018293
958894627
930850055
961802296
963443900
989229893
995900440
911977214
928108325
913355733
991445153
928871290
966615826
976916786
989286137
961058856
919134062
914031923
983335470
964934657
939231978
986351655
927151987
980501515
981226062
990779236
945106212
947707604
983699499
984414307
918506519
952123424
976910915
945001305
994572911
919602325
981923839
922097232
927437228
959517525
980799530
943733988
876359022
917630747
877179532
985239746
921865279
962135501
974273888
922069875
959489513
922821666
896693352
830120882
986405933
920882552
989690728
960804953
989930877
989704095
974683121
885785492
915865178
928738094
950300078
926628410
983780954
987062894
992842008
984020163
986083774
936292550
986891684
899221222
991211411
919454342
939385142
981015142
924447818
826819952
979574797
981667921
987739231
992665440
843011322
921431767
980420167
921368836
832241652
931226347
930482897
931912852
812532502
971644915
961763991
918878300
948050099
927658623
929376420
983692443
839280882
924769866
998605644
987650338
974444186
911855461
998064996
921368984
930148571
924752149
989261762
932585529
894950102
915972527
911577313
987727780
913492307
914750075
984936702
913112083
924791829
982771250
977188202
997615603
996521796
821456312
987637366
979492014
977047684
975941264
979573146
913823184
917410666
970995110
970922520
987554703
815162692
993498661
990946205
926344668
944726691
991741569
814887812
982698308
984501463
942896115
914633818
995003430
993100137
960865219
981407997
831619112
912158357
947215272
914060370
958755287
923166866
931000845
930015563
911702142
995811758
994504258
999668623
986308059
960852338
932204371
935439868
824387842
920024750
947820370
818779852
920058116
988809012
919050942
928562336
920377068
935682525
914327660
962274307
919171170
917935440
993561657
997851781
997710436
918004033
943416893
954117774
924469005
928385698
984103131
950160675
939401423
819496072
974210215
915803199
915981674
861635392
996493717
996926176
952574329
860759772
997253701
978627188
960660463
861151972
946252611
979383924
995403455
925379131
964470502
997493249
963447086
984039638
940967953
995333554
937698917
936999247
931806858
822276482
957290795
944019502
943646554
919141182
932965771
977199832
983898165
980352706
926552414
947249967
921779992
915622321
979952937
924393459
911660334
924572108
999338216
931493191
986130861
834083922
930013110
944904069
976951336
964995923
933625583
834874482
928481638
946967874
917805717
919036656
984599730
921171935
937646534
945292075
987372540
989823388
912440923
961112001
966478616
923602488
925610461
996592839
982978777
914268621
928181510
965633782
974526212
926736752
917149437
986960562
915566944
979463332
946549770
988960144
989176226
914747503
914786738
879263662
982179289
921376863
957661009
983096905
918763961
944731776
919895608
930710954
970959599
920658695
919424001
982787602
897380552
991814574
988470643
963952791
985072000
986041397
928869512
978654444
987088567
823185642
911810115
984285930
944330011
998024722
913284976
985439850
877337782
981435672
984659482
990468184
931761455
871177392
977168554
961685818
989578596
921332386
960915283
997084446
984086121
889615672
829071002
926917315
923673598
982511321
982790344
918751874
921979436
912178870
915871372
976612191
912849406
919187603
976866215
813908352
914251796
916854366
985621330
936043119
920195261
964348596
835072282
914262682
963106084
997769953
918531661
915518389
831848162
920513379
925535567
933823970
928941507
985712050
946510939
988664367
970917365
919859717
815310772
988234214
983201431
925414379
963504446
929140257
944080627
981195418
989617834
924632704
825448462
998425565
984889909
912047989
971069295
976092589
976545281
994699024
979527950
929546822
982750369
983629547
994191071
945751428
931564285
999552471
968787551
971585188
889573732
928103277
957838499
921368909
975931226
928949214
919861770
989147218
916149816
889736992
928857670
995494698
919862114
916204167
976970411
930165425
917423830
950470631
962383882
912389073
929455975
925787779
963166834
920450806
980478025
914144949
996209008
950675764
924563273
929451333
928102378
911010992
995379198
856400662
958040202
983222870
963666543
977293227
895311952
943604770
987586087
953331896
983222838
979488378
817203752
860152002
914201101
977235855
911352400
919439807
912736997
985894078
997770544
952256718
996282147
920606229
845933162
914628385
922927219
926674099
914415136
946930342
997106377
989649604
971653159
925162728
991075682
915945902
918876588
915019102
935396387
923458832
934936353
971076690
981934865
981622200
983503268
997433173
925502251
918034463
923897682
915477232
980864979
974538318
974281139
985243158
985538220
957643876
960649044
912330028
913387880
916576773
914492556
997253868
979443013
950272899
980648915
947602330
982685133
945800232
925518670
950273038
922754136
995153343
939295070
861401812
929035445
979155204
945864346
937665482
929484029
983650791
948569175
982933544
945783435
927088649
987699507
987554282
998090725
918111808
931719475
931358014
995404079
981249313
996379795
920283187
971507195
914548292
961345421
922277044
920553303
982787580
989279920
988953385
965616500
926859285
961121094
914921716
930139106
979747276
925921815
918056556
976550285
991466681
990942242
935429447
979501528
976329783
923146849
929472020
917829446
984674104
958684975
928148491
910712799
967659940
832140562
928009459
959337381
997109686
913828461
993309680
880252372
926043129
995500892
913249763
974537257
958315120
979681151
985242585
929347641
913317254
921679610
813055392
930203998
984290756
985527334
896374982
952179160
956748852
966912456
959604215
917554439
912818179
977189187
918407820
913885597
917667934
917727430
978684335
985595100
982916704
993853712
957129188
971096764
929150163
911670992
913277546
991742689
998052564
980448916
984757891
986700773
917869782
990553386
940171512
914723671
984719639
922214042
917941769
983632939
922704317
993014664
920332609
979705514
938509336
923340521
986593748
917429545
832126462
999539718
916503555
920245447
982357373
930850039
916062311
915007244
913545311
990006571
921025653
913987446
984589808
920127347
978677029
994599321
983241042
916742479
918092986
993349860
921704321
980990206
923849483
913834119
975779955
929164822
916805772
982056861
988311324
990262748
993954810
934608976
897818132
913014030
931817647
922625263
919206039
945447125
998075688
929617215
943035504
959607508
888390162
971001968
912153916
948308568
916478143
933917851
922431957
922025975
951257303
988936820
951110345
919271914
938024855
927733005
957936105
997764838
928469778
844596502
894264322
915279112
913769112
966585315
997364503
912169235
922760411
997843762
965413421
998828309
965445439
912068587
925852031
921865422
913252098
922241600
988373605
824767092
979430930
863363152
918270558
813519852
994410733
914994039
919228229
930087661
916569505
981890698
914055644
955125606
896547682
912725510
819982082
979630344
993235229
998385393
936915779
915255604
898049302
922337268
997887441
965958584
923161392
912824381
822389902
998588391
912924424
913945794
963944969
970994246
929309189
979358806
912752232
995238306
887773602
944407286
948825716
983534740
997985656
935614031
929520513
998442893
921715951
989893475
997669932
911589346
998796334
920413781
816205832
915887295
976953231
937967438
913336151
930554936
929418654
915356559
967289310
927811774
967066699
976813545
911749122
914187540
930041319
980235149
824850232
997504852
931895168
992221518
932412063
979944497
916785887
985890552
913814045
818673582
985706107
942446748
987972726
987288027
993326313
971073810
976009738
926464183
931272136
928011100
917672997
929997212
944896511
978639240
914512263
912153797
997986008
913492501
818531982
920278280
924847158
991393919
911815443
916807473
920354815
914218241
927609460
927210703
913857461
965510621
999320325
995595575
925076643
920187897
991877312
920511635
917503680
925281573
983818668
941528600
984060343
915086268
931963708
960678869
975951588
991509739
950426977
911743787
918165665
972415359
926949144
911907232
928665879
979212887
884724902
912505723
974361981
999301061
889302372
919453273
977365422
974784556
920227996
822720722
930785733
961099013
974484722
980884899
935119847
921882610
914798469
926144405
913091663
921066767
930697982
979703090
981519965
916235887
923749969
928829693
925826642
917328358
912185818
966937157
934057031
916732449
951106143
952089900
944174230
912072150
950405619
928000036
912429474
912750787
917063141
921638345
979705948
912248399
881273152
984360576
983469272
935872634
932358891
990717265
919407077
931422626
946215996
928303985
984892438
976894480
926565028
822905862
985719241
933967557
923884181
927136031
916470649
987139196
942053193
995967146
990501300
925124966
974211505
919602368
928634000
942827571
943140448
981015150
928260127
951735892
882150232
918276785
997400542
984133081
982374111
925513083
928886360
913847881
998615089
985054568
924722991
845693722
928620018
933615162
971193417
956656915
982174813
885880622
912896498
996265250
981412435
918113843
997665678
966812141
920568076
992839759
827501182
924014121
913951387
935253128
989136143
999504531
913904737
918450912
977345618
995926628
953814234
958243391
930852368
991743634
934170709
986400400
994702203
992848170
920918204
994829998
993606669
914283698
924772131
975964310
935358035
992381736
958507739
986147365
957217028
983339522
951773778
915167330
952073559
980362957
979970757
939219498
979496052
912501906
917095159
914091691
919694270
917040508
986819274
999340229
914912725
991172130
967960217
979474075
922845018
988664324
916797060
820015312
997627393
995666464
913265726
999179355
916218753
984907990
887061602
912756203
998509939
989893467
956571928
983988210
924853336
984382677
983047963
887450412
992564288
927033259
989879464
985281726
961171067
880553852
991447075
922038090
990897980
912722317
994910140
997628926
979450583
993020230
992190094
999325882
913367030
924473894
912192024
914191246
994887041
931477846
889867922
962057616
921054858
920189334
914045657
998284805
992949880
992154101
924926678
927455528
953102552
920202829
912507408
914154944
999049508
920274005
928100731
979431317
899327152
890206182
979713827
916251335
935908442
992600365
921903677
921902700
992293314
971130229
927367297
813755742
997091973
976070097
947441302
999550266
981886828
985134731
976561104
886699492
987838388
998397618
986828850
916100132
987768088
980909816
996312933
981275268
927237571
999065112
930572586
917338019
950223243
913963857
990964262
821021502
998550297
926753592
995515784
916157525
911916797
971650451
992376767
934761472
951734543
971153881
958911157
988196312
999254217
811717142
998162203
931697269
931743767
920714269
931716565
923260951
990501254
911868946
889080612
928846725
979767870
995539888
812589342
952760084
916689128
816746922
958717768
991883754
986757554
999056733
994943561
930096911
998915104
928033155
984259565
927788950
992112646
923448969
931527983
999268439
927829975
912601609
974534827
913078853
982465192
928200817
979779755
971158565
957631312
984219237
923601287
927237067
942037538
917410992
916885296
997215761
942311133
995863847
983989632
982283035
995113562
976875214
990648662
943815593
989838474
981882695
979434421
989048643
981406915
993763454
984539819
919649542
920559557
952525417
994506609
980849007
977533341
993105120
993826650
980281450
984103972
998563453
891036272
928164756
990748519
937831218
928342158
985978743
821523842
929799798
979376030
977168082
979490895
835188582
917132089
923544054
951814660
982372399
920900747
979831986
939603808
995233282
973053965
938028753
994299735
923636897
976933184
971174722
919920300
988271160
958474490
943348863
864346812
866754802
914351138
930634395
960699394
988780758
890891772
966356359
922302758
986343148
994561030
925549010
995391643
912314251
920707076
918437940
999003001
921622422
925924156
990700427
919134631
952834789
883041402
979983328
824234272
922704481
925797472
827386332
968389556
991456848
958648499
925598380
999599907
931353098
916518943
915555292
988720461
817927742
